StartDate,EndDate,Status,IPAddress,Progress,Duration (in seconds),Finished,RecordedDate,ResponseId,RecipientLastName,RecipientFirstName,RecipientEmail,ExternalReference,LocationLatitude,LocationLongitude,DistributionChannel,UserLanguage,consent_q,att1,att2,Q88_First Click,Q88_Last Click,Q88_Page Submit,Q88_Click Count,Q84_First Click,Q84_Last Click,Q84_Page Submit,Q84_Click Count,countf,vA_liable_AV_1,vB_mnfctr_liable_AV_1,avoid_AV_1,comp1,comp_accident,ai_familiarity_1,liab_familiarity_1,gender,gender_4_TEXT,age,edu,edu_8_TEXT,questions_intro_DO,countf_DO,questions_1_DO,questions_2_DO
Start Date,End Date,Response Type,IP Address,Progress,Duration (in seconds),Finished,Recorded Date,Response ID,Recipient Last Name,Recipient First Name,Recipient Email,External Data Reference,Location Latitude,Location Longitude,Distribution Channel,User Language,Do you consent,This is an attention check. John is taller than Paul. Who is shorter?,"What color is grass?



The fresh, uncut grass, not leaves or hay. Please make sure to select purple, so that we know you're paying attention.",Timing - First Click,Timing - Last Click,Timing - Page Submit,Timing - Click Count,Timing - First Click,Timing - Last Click,Timing - Page Submit,Timing - Click Count,"After the accident, the occupant of Vehicle B often thought and often said “If only…”

Please think about how things could have gone differently if, instead of being a passenger of the Autonomous Vehicle B, the human occupant of Vehicle B had been driving a regular human-driven vehicle instead. That is, imagine how things could have turned out differently if the human occupant had had full control over Vehicle B. 

In the textbox below, please describe how things could have gone differently, starting the sentence with ""If the human occupant of Vehicle B had been driving a regular vehicle instead, then...""","Please rate the extent to which you agree with the following statement (0=completely disagree, 100=completely agree):

 
How much do you agree: The driver of Vehicle A is liable for the serious injuries sustained by the occupant of Vehicle B. - 1","Please rate the extent to which you agree with the following statement (0=completely disagree, 100=completely agree):

How much do you agree: The manufacturer of Vehicle B is liable for the serious injuries sustained by the occupant of Vehicle B. - 1","Please rate the extent to which you agree with the following statement (0=completely disagree, 100=completely agree):

How much do you agree: Vehicle B could have done more to avoid the accident. - 1",Which of the following was true about Vehicle B?,Which of the following was true about the video?,"Relative to the average person, how familiar are you with autonomous vehicle accident prevention algorithms?","Relative to the average person, how familiar are you with the laws regarding who is at fault in a car accident?",What is your gender? - Selected Choice,What is your gender? - Other (please specify) - Text,What is your age (in years)?,What is the highest level of education you have completed? - Selected Choice,What is the highest level of education you have completed? - Other (please specify) - Text,questions_intro - Display Order,countf - Display Order,questions_1 - Display Order,questions_2 - Display Order
"{""ImportId"":""startDate"",""timeZone"":""America/Denver""}","{""ImportId"":""endDate"",""timeZone"":""America/Denver""}","{""ImportId"":""status""}","{""ImportId"":""ipAddress""}","{""ImportId"":""progress""}","{""ImportId"":""duration""}","{""ImportId"":""finished""}","{""ImportId"":""recordedDate"",""timeZone"":""America/Denver""}","{""ImportId"":""_recordId""}","{""ImportId"":""recipientLastName""}","{""ImportId"":""recipientFirstName""}","{""ImportId"":""recipientEmail""}","{""ImportId"":""externalDataReference""}","{""ImportId"":""locationLatitude""}","{""ImportId"":""locationLongitude""}","{""ImportId"":""distributionChannel""}","{""ImportId"":""userLanguage""}","{""ImportId"":""QID60""}","{""ImportId"":""QID30""}","{""ImportId"":""QID31""}","{""ImportId"":""QID106_FIRST_CLICK""}","{""ImportId"":""QID106_LAST_CLICK""}","{""ImportId"":""QID106_PAGE_SUBMIT""}","{""ImportId"":""QID106_CLICK_COUNT""}","{""ImportId"":""QID102_FIRST_CLICK""}","{""ImportId"":""QID102_LAST_CLICK""}","{""ImportId"":""QID102_PAGE_SUBMIT""}","{""ImportId"":""QID102_CLICK_COUNT""}","{""ImportId"":""QID143_TEXT""}","{""ImportId"":""QID118_1""}","{""ImportId"":""QID119_1""}","{""ImportId"":""QID125_1""}","{""ImportId"":""QID111""}","{""ImportId"":""QID96""}","{""ImportId"":""QID59_1""}","{""ImportId"":""QID127_1""}","{""ImportId"":""QID12""}","{""ImportId"":""QID12_4_TEXT""}","{""ImportId"":""QID14_TEXT""}","{""ImportId"":""QID15""}","{""ImportId"":""QID15_8_TEXT""}","{""ImportId"":""BL_0uDknWtGHSEO4ho_DO""}","{""ImportId"":""BL_aYtq1afkUsNueTc_DO""}","{""ImportId"":""BL_9v5jJo3sYsvnnW6_DO""}","{""ImportId"":""BL_43jZUoIM0dGNdPw_DO""}"
2023-05-31 22:07:54,2023-05-31 22:11:04,0,70.37.204.176,100,189,1,2023-05-31 22:11:05,R_2QrG5iwnoiLiFOC,,,,,42.8875,-98.7061,anonymous,EN,1,2,2,0,0,27.501,0,0,0,11.871,0,"If the human occupant of Vehicle B had been driving a regular vehicle instead, then perhaps they would have seen the other car and stopped before it blew through the stop sign.",100,0,10,1,1,8,91,2,,52,5,,Q148,countf,vA_liable_AV|vB_mnfctr_liable_AV,Q122|avoid_AV
2023-05-31 22:08:35,2023-05-31 22:12:16,0,174.67.137.14,100,220,1,2023-05-31 22:12:16,R_3kgM500SfxpS4ox,,,,,29.9317,-90.1026,anonymous,EN,1,2,2,25.682,25.682,26.003,1,0,0,17.43,0,He would have not continued through the intersection and avoided an accident,62,74,70,1,1,25,75,1,,41,4,,Q148,countf,vA_liable_AV|vB_mnfctr_liable_AV,Q122|avoid_AV
2023-05-31 22:10:54,2023-05-31 22:13:29,0,164.90.52.233,100,154,1,2023-05-31 22:13:30,R_vGiSWkHEdnr02Tn,,,,,35.3721,-97.2002,anonymous,EN,1,2,2,0,0,11.779,0,0,0,11.099,0,the vehivle would have stopped at the stop sign and the accident could've been avoided,76,0,0,2,1,15,75,2,,30,4,,Q148,countf,vA_liable_AV|vB_mnfctr_liable_AV,Q122|avoid_AV
2023-05-31 22:10:28,2023-05-31 22:15:11,0,70.189.141.43,100,283,1,2023-05-31 22:15:12,R_1Kew9PmKUpITaNk,,,,,36.1724,-115.0677,anonymous,EN,1,2,2,0,0,31.578,0,0,0,11.366,0,"If the human occupant had been driving, they would have been able to see Vehicle A coming at full speed, and would have consciously made a decision not to drive forward until the roads were clear for them to drive.",100,75,60,1,1,30,75,1,,29,4,,Q148,countf,vB_mnfctr_liable_AV|vA_liable_AV,Q122|avoid_AV
2023-05-31 22:11:20,2023-05-31 22:18:28,0,99.180.33.136,100,428,1,2023-05-31 22:18:29,R_28BpvqAmjOkgKPa,,,,,26.4554,-80.0755,anonymous,EN,1,2,2,0,0,30.64,0,0,0,13.639,0,"If the human occupant of Vehicle B had been driving a regular vehicle instead, then they would have seen Vehicle A coming out of their peripheral vision at a minimum.  They would have also seen the car was going entirely too fast to stop and would have been able to either slam on the brakes or accelerate very quickly to potentially avoid the collision",80,45,95,1,1,35,75,2,,62,5,,Q148,countf,vB_mnfctr_liable_AV|vA_liable_AV,Q122|avoid_AV
2023-05-31 22:19:08,2023-05-31 22:22:24,0,23.240.241.192,100,195,1,2023-05-31 22:22:24,R_26nXHFbOHEHd2yx,,,,,34.074,-118.2611,anonymous,EN,1,2,2,0,0,22.976,0,0,0,11.385,0,"If the human occupant of Vehicle B had been driving a regular vehicle instead, then he might not have proceeded into the intersection when Car A approached.",100,20,70,1,1,71,61,2,,49,3,,Q148,countf,vA_liable_AV|vB_mnfctr_liable_AV,Q122|avoid_AV
2023-05-31 22:24:52,2023-05-31 22:29:30,0,50.159.6.38,100,278,1,2023-05-31 22:29:31,R_3D0x9Eu4XB5KLMG,,,,,35.9978,-114.9592,anonymous,EN,1,2,2,20.111,35.282,36.646,2,0,0,11.775,0,Thing that could have gone differently is vehicle B could have been hurt worse then did happen. They could have been killed.,100,30,20,1,2,0,0,1,,31,4,,Q148,countf,vB_mnfctr_liable_AV|vA_liable_AV,Q122|avoid_AV
2023-05-31 22:28:21,2023-05-31 22:31:16,0,172.74.176.227,100,174,1,2023-05-31 22:31:17,R_vTE7hWS6CMHntvj,,,,,35.0742,-78.965,anonymous,EN,1,2,2,0,0,12.025,0,0,0,10.897,0,"If the human occupant of Vehicle B had been driving a regular vehicle instead, then the driver could avoid the collision by slamming on the brakes or staying stopped at the stop sign while Vehicle A ran through the intersection",100,30,60,1,1,10,60,2,,28,3,,Q148,countf,vB_mnfctr_liable_AV|vA_liable_AV,Q122|avoid_AV
2023-05-31 22:28:31,2023-05-31 22:31:22,0,207.228.41.136,100,170,1,2023-05-31 22:31:22,R_2WPwra7WqR9IwOA,,,,,40.7494,-73.9664,anonymous,EN,1,2,2,0,0,13.406,0,0,0,11.666,0,vechicle a,65,80,62,1,2,62,58,1,,48,5,,Q148,countf,vB_mnfctr_liable_AV|vA_liable_AV,Q122|avoid_AV
2023-05-31 22:27:37,2023-05-31 22:32:33,0,73.55.254.78,100,295,1,2023-05-31 22:32:33,R_1mK7KiiY6Vy27DJ,,,,,29.7926,-95.1236,anonymous,EN,1,2,2,0,0,35.316,0,0,0,11.22,0,They could have seen the vehicle A not stopping at the stop sign and slam on the brakes hopefully missing the collision of the two cars,100,0,71,1,1,83,67,2,,26,4,,Q148,countf,vA_liable_AV|vB_mnfctr_liable_AV,Q122|avoid_AV
2023-05-31 22:28:57,2023-05-31 22:33:30,0,98.116.121.27,100,273,1,2023-05-31 22:33:31,R_2aWCfplPDcetY07,,,,,40.8777,-73.908,anonymous,EN,1,2,2,0,0,73.137,0,0,0,11.519,0,the human would have looked to his right and see Vehicle A approaching.,50,70,100,1,1,20,35,1,,49,4,,Q148,countf,vA_liable_AV|vB_mnfctr_liable_AV,Q122|avoid_AV
2023-05-31 22:27:38,2023-05-31 22:36:58,0,172.59.189.204,100,560,1,2023-05-31 22:36:58,R_28SDkil136ZtUMO,,,,,41.8502,-87.6736,anonymous,EN,1,2,2,8.819,29.421,69.717,11,0,0,16.447,0,"If the human occupant of Vehicle B had been driving a regular vehicle instead, then it is possible a human driver could have had the vision and reflexes to spot vehicle A in time to brake and avoid a collision. This is not a certainty, but it is a hypothetical possibility.",100,100,100,1,1,40,60,4,non-binary,39,4,,Q148,countf,vA_liable_AV|vB_mnfctr_liable_AV,Q122|avoid_AV
2023-05-31 22:34:52,2023-05-31 22:38:26,0,174.135.114.180,100,214,1,2023-05-31 22:38:27,R_WlcazuB5d25G3AZ,,,,,35.3407,-119.0596,anonymous,EN,1,2,2,0,0,30.339,0,0,0,11.247,0,"If the human occupant of Vehicle B had been driving a regular vehicle instead, then maybe they could have stopped intime to prevent the collision. However, its also possible that nothing would have changed, or stopping would have caused a worse incident. Driver A is fully at fault",100,0,15,1,1,0,50,1,,26,3,,Q148,countf,vB_mnfctr_liable_AV|vA_liable_AV,Q122|avoid_AV
2023-05-31 22:40:34,2023-05-31 22:43:53,0,47.185.119.236,100,199,1,2023-05-31 22:43:54,R_2YeT7DmejAcKQMq,,,,,32.9321,-97.2834,anonymous,EN,1,2,2,0,0,11.237,0,0,0,11.186,0,"The human occupant might have been able to respond quicker and have more agility when deciding how to handle vehicle A running the stop sign. ",82,17,30,1,1,60,70,1,,42,4,,Q148,countf,vB_mnfctr_liable_AV|vA_liable_AV,Q122|avoid_AV
2023-05-31 22:41:29,2023-05-31 22:46:22,0,174.240.113.141,100,293,1,2023-05-31 22:46:22,R_3O9zeY7Neus7ThT,,,,,42.9469,-85.6206,anonymous,EN,1,2,2,10.72,10.72,24.202,1,0,0,12.824,0,"It is possible that the human might have noticed that A wasn't slowing down to stop and waited longer to be sure they weren't going to run the stop, thus avoiding the accident.",100,10,100,1,1,60,50,1,,40,3,,Q148,countf,vA_liable_AV|vB_mnfctr_liable_AV,Q122|avoid_AV
2023-05-31 22:49:24,2023-05-31 22:54:09,0,71.15.144.237,100,284,1,2023-05-31 22:54:09,R_3nOvrJANMlCRZjl,,,,,36.334,-82.3439,anonymous,EN,1,2,2,5.126,21.329,23.283,3,14.176,14.176,14.961,1,Vehicle A wouldn't have ran the stop sign.,100,0,16,1,1,8,89,2,,30,3,,Q148,countf,vB_mnfctr_liable_AV|vA_liable_AV,Q122|avoid_AV
2023-05-31 22:49:04,2023-05-31 22:54:12,0,68.5.233.134,100,308,1,2023-05-31 22:54:13,R_2AYwWm2Gvu3NYGc,,,,,33.6816,-117.8302,anonymous,EN,1,2,2,0,0,19.639,0,0,0,12.889,0,"If the human occupant of Vehicle B had been driving a regular vehicle instead, then he/she would not have slowed down before entering the intersection, thereby causing the collision with Vehicle A.",80,100,100,1,1,0,50,1,,42,4,,Q148,countf,vA_liable_AV|vB_mnfctr_liable_AV,Q122|avoid_AV
2023-05-31 22:53:45,2023-05-31 22:56:02,0,69.50.232.90,100,137,1,2023-05-31 22:56:03,R_1iqA84A7Iv77q2B,,,,,39.0469,-77.4903,anonymous,EN,1,2,2,0,0,11.026,0,0,0,10.983,0,"If the human occupant of Vehicle B had been driving a regular vehicle instead, then the accident could have possible been avoided. The driver may have been able to swerve away or notice that vehicle A was not slowing down.",100,70,51,1,1,13,29,2,,23,3,,Q148,countf,vA_liable_AV|vB_mnfctr_liable_AV,Q122|avoid_AV
2023-05-31 22:48:34,2023-05-31 22:56:59,0,50.1.106.198,100,505,1,2023-05-31 22:57:00,R_6orE5PZqdr6LRst,,,,,37.7925,-122.4122,anonymous,EN,1,2,2,0,0,49.015,0,0,0,16.653,0,"maybe he or she could have slowed down, or swerved out of the way.",100,0,5,1,1,50,50,2,,47,4,,Q148,countf,vB_mnfctr_liable_AV|vA_liable_AV,Q122|avoid_AV
2023-05-31 22:59:06,2023-05-31 23:04:56,0,98.26.54.104,100,349,1,2023-05-31 23:04:56,R_3JJladHW3lkSfJM,,,,,36.0229,-78.9464,anonymous,EN,1,2,2,7.904,31.264,33.28,2,18.856,18.856,21.202,1,"If the occupant of vehicle b had been driving, then they would have seen the car coming and could maybe have judged if the other car was going to stop at the stop sign.",100,100,71,1,1,0,99,2,,54,4,,Q148,countf,vB_mnfctr_liable_AV|vA_liable_AV,Q122|avoid_AV
2023-05-31 23:01:33,2023-05-31 23:05:19,0,174.72.231.141,100,226,1,2023-05-31 23:05:19,R_29h9p9gkNmQ9JDG,,,,,36.175,-115.1372,anonymous,EN,1,2,2,0,0,21.928,0,0,0,11.922,0,"If the human occupant of Vehicle B had been driving a regular vehicle instead, then maybe they would have noticed vehicle A coming fast and waited to see if A was going to stop at the stop sign or not.",100,7,1,1,1,3,70,1,,36,4,,Q148,countf,vA_liable_AV|vB_mnfctr_liable_AV,Q122|avoid_AV
2023-05-31 22:59:58,2023-05-31 23:05:23,0,73.201.67.215,100,325,1,2023-05-31 23:05:24,R_Ubtz4l766dwdjQB,,,,,38.8341,-76.7974,anonymous,EN,1,2,2,0,0,12.968,0,0,0,13.881,0,wait for other vehicle to stop,40,60,40,1,1,20,20,1,,29,2,,Q148,countf,vA_liable_AV|vB_mnfctr_liable_AV,Q122|avoid_AV
2023-05-31 23:07:27,2023-05-31 23:10:26,0,71.28.46.211,100,178,1,2023-05-31 23:10:26,R_2dmzbSIq21cHQIZ,,,,,31.4996,-82.8471,anonymous,EN,1,2,2,3.352,19.006,20.233,3,0,0,11.433,0,It wouldn’t be different it would be the same,100,84,83,1,1,83,100,2,,33,1,,Q148,countf,vB_mnfctr_liable_AV|vA_liable_AV,Q122|avoid_AV
2023-05-31 23:19:25,2023-05-31 23:28:02,0,97.64.247.30,100,516,1,2023-05-31 23:28:02,R_2aXkbfn26CwR5HW,,,,,30.8464,-85.69,anonymous,EN,1,2,2,0,0,54.453,0,0,0,12.225,0,"they might have seen vehicle A was not stopping for the sign, and B could have stopped before A ran the sign.  ",88,17,91,1,1,75,81,1,,58,3,,Q148,countf,vB_mnfctr_liable_AV|vA_liable_AV,Q122|avoid_AV
2023-05-31 23:35:21,2023-05-31 23:39:13,0,73.51.124.195,100,232,1,2023-05-31 23:39:14,R_3p0etTzbl3oYkyY,,,,,41.5681,-87.1749,anonymous,EN,1,2,2,3.384,19.037,19.604,2,0,0,15.657,0,"If the human occupant of Vehicle B had been driving a regular vehicle instead, then they could have noticed the other car moving so fast instead of a program telling the car to go after making a complete stop.",100,20,25,1,1,34,50,2,,51,2,,Q148,countf,vA_liable_AV|vB_mnfctr_liable_AV,Q122|avoid_AV
2023-05-31 23:45:33,2023-05-31 23:47:54,0,98.248.113.57,100,140,1,2023-05-31 23:47:54,R_3nDv4FNerrwkNg1,,,,,37.3083,-121.9643,anonymous,EN,1,2,2,0,0,11.581,0,0,0,11.022,0,"If the human occupant of Vehicle B had been driving a regular vehicle instead, they might have acted more spontaneously and therefore been able to avoid the oncoming car.",94,73,12,1,1,59,60,1,,22,3,,Q148,countf,vB_mnfctr_liable_AV|vA_liable_AV,Q122|avoid_AV
2023-05-31 23:53:22,2023-06-01 00:00:13,0,70.190.203.243,100,410,1,2023-06-01 00:00:13,R_Y62jcyW7eWMvvC9,,,,,33.4475,-112.0866,anonymous,EN,1,2,2,3.03,3.03,22.559,1,0,0,13.936,0,"If the human occupant of vehicle b had been driving a regular vehicle instead, then the accident may have been prevented by the driver reacting differently",0,64,0,2,1,100,100,2,,37,3,,Q148,countf,vB_mnfctr_liable_AV|vA_liable_AV,Q122|avoid_AV
2023-06-01 00:14:12,2023-06-01 00:20:09,0,107.130.118.58,100,356,1,2023-06-01 00:20:09,R_1KUCUUObm9MA3zX,,,,,33.2541,-84.2735,anonymous,EN,1,2,2,0,0,52.861,0,0,0,41.645,0,"if the human occupant of Vehicle B had been driving a regular vehicle instead, then he may have been paying a lot more attention to the upcoming intersection and the accident could have been avoided. ",72,70,65,1,1,0,55,2,,53,3,,Q148,countf,vA_liable_AV|vB_mnfctr_liable_AV,Q122|avoid_AV
2023-06-01 00:17:20,2023-06-01 00:22:28,0,72.181.134.191,100,307,1,2023-06-01 00:22:29,R_2ctJeyRPbEMwxzu,,,,,32.8008,-96.7884,anonymous,EN,1,2,2,0.007,0.007,40.251,1,0,0,43.406,0,"They would have not happened. ",50,50,50,1,1,29,34,2,,36,5,,Q148,countf,vB_mnfctr_liable_AV|vA_liable_AV,Q122|avoid_AV
2023-06-01 00:35:49,2023-06-01 00:41:53,0,45.51.64.3,100,364,1,2023-06-01 00:41:54,R_1kObhqI6qeMXQL9,,,,,33.9339,-117.8854,anonymous,EN,1,2,2,0,0,26.064,0,0,0,12.907,0,"If the human occupant of Vehicle B had been driving a regular vehicle instead, then they would have been on the opposite side of the car, and would have been less injured.",100,0,0,1,1,50,80,2,,33,1,,Q148,countf,vA_liable_AV|vB_mnfctr_liable_AV,Q122|avoid_AV
2023-06-01 01:02:47,2023-06-01 01:03:02,0,24.90.202.188,100,15,1,2023-06-01 01:03:02,R_qRrn5rBZ8ME4cTv,,,,,40.6643,-73.9763,anonymous,EN,1,2,1,,,,,,,,,,,,,,,,,,,,,,,,,
2023-06-01 00:56:12,2023-06-01 01:04:34,0,166.181.84.230,100,502,1,2023-06-01 01:04:35,R_2q3j1Qf1J1S4AUX,,,,,41.6021,-93.6124,anonymous,EN,1,2,2,0,0,33.144,0,0,0,15.081,0,"If the human occupant of Vehicle B had been driving a regular vehicle instead, then the accident could have been prevented. The car could have seen the other vehicle go through the stop sign and swerved to avoid it. ",92,95,90,1,1,75,30,1,,45,3,,Q148,countf,vB_mnfctr_liable_AV|vA_liable_AV,Q122|avoid_AV
2023-06-01 01:04:23,2023-06-01 01:05:11,0,24.205.12.231,100,47,1,2023-06-01 01:05:11,R_3EQDkXlvfxn6vuY,,,,,34.137,-118.2376,anonymous,EN,1,2,1,,,,,,,,,,,,,,,,,,,,,,,,,
2023-06-01 01:13:34,2023-06-01 01:19:40,0,104.10.231.8,100,366,1,2023-06-01 01:19:41,R_3qEVZgivKp9n5hM,,,,,31.7596,-106.4884,anonymous,EN,1,2,2,3.14,21.782,22.843,2,0,0,12.451,0,"If the human occupant of Vehicle B had been driving a regular vehicle instead, then... They would have gotten seriously injured from the impact from vehicle A.",100,9,60,1,1,20,50,2,,40,4,,Q148,countf,vA_liable_AV|vB_mnfctr_liable_AV,Q122|avoid_AV
2023-06-01 01:51:39,2023-06-01 01:57:13,0,68.62.103.57,100,333,1,2023-06-01 01:57:14,R_2ZCAl8PHYoruq67,,,,,42.2314,-83.6344,anonymous,EN,1,2,2,0,0,47.88,0,0,0,11.418,0,"If the human occupant of Vehicle B had been driving a regular vehicle instead, then the human could have stopped when Vehicle A proceeded to run through the stop sign.",90,50,60,1,1,20,40,2,,46,4,,Q148,countf,vA_liable_AV|vB_mnfctr_liable_AV,Q122|avoid_AV
2023-06-01 01:53:05,2023-06-01 01:58:02,0,216.73.161.64,100,296,1,2023-06-01 01:58:03,R_1NsucGECPGy1Av5,,,,,40.7157,-74,anonymous,EN,1,2,2,6.66,34.263,35.462,3,0,0,16.708,0,"Things could of gone differently if Vehicle B had stopped for longer at the stop sign, the stop was very brief. Also if he had just looked to the right he would of seen the car coming full speed and perhaps have avoided the crash.",85,70,77,1,1,10,50,2,,41,4,,Q148,countf,vA_liable_AV|vB_mnfctr_liable_AV,Q122|avoid_AV
2023-06-01 01:58:34,2023-06-01 02:00:58,0,184.103.160.167,100,143,1,2023-06-01 02:00:58,R_RXrfHtrOtYpk1Al,,,,,33.4532,-112.0748,anonymous,EN,1,2,2,18.216,18.819,19.954,2,4.674,10.164,11.092,3,"If the human occupant of Vehicle B had been driving a regular vehicle instead, then they would have known to stop .",29,92,81,1,2,58,87,2,,29,1,,Q148,countf,vA_liable_AV|vB_mnfctr_liable_AV,Q122|avoid_AV
2023-06-01 01:51:32,2023-06-01 02:04:16,0,40.142.223.70,100,763,1,2023-06-01 02:04:16,R_3GeQMoYqUcCrOMT,,,,,40.9999,-79.3527,anonymous,EN,1,2,2,0,0,34.409,0,0,0,10.997,0,"If the human occupant of Vehicle B had been driving a regular vehicle instead, then the human occupant might of stopped longer at the stop sign checking for on coming cars.",100,0,65,1,1,64,0,1,,34,1,,Q148,countf,vB_mnfctr_liable_AV|vA_liable_AV,Q122|avoid_AV
2023-06-01 02:02:59,2023-06-01 02:06:21,0,74.130.136.164,100,201,1,2023-06-01 02:06:21,R_2w5NAP4dxhDFYbI,,,,,38.4044,-85.7878,anonymous,EN,1,2,2,0,0,21.063,0,0,0,18.47,0,That are a accident of the cars fast,77,77,84,1,1,78,77,2,,35,5,,Q148,countf,vB_mnfctr_liable_AV|vA_liable_AV,Q122|avoid_AV
2023-06-01 02:06:40,2023-06-01 02:10:37,0,63.231.136.136,100,237,1,2023-06-01 02:10:37,R_3G6QCpllMP1dCMq,,,,,44.971,-93.0498,anonymous,EN,1,2,2,0,0,22.976,0,0,0,14.687,0,"If the human occupant of Vehicle B had been driving a regular vehicle instead, then nothing would have changed. Driver A would have still hit him/her.",100,10,9,1,1,41,40,1,,36,3,,Q148,countf,vA_liable_AV|vB_mnfctr_liable_AV,Q122|avoid_AV
2023-06-01 02:22:38,2023-06-01 02:30:32,0,76.111.136.252,100,474,1,2023-06-01 02:30:33,R_3RpCAJIzWgbYBCM,,,,,39.1753,-77.1946,anonymous,EN,1,2,2,0,0,35.493,0,0,0,16.175,0,The human occupant would have used his initiative to know that he needs to stop the vehicle to acertain that another vehicle is not coming from another direction.,10,60,80,1,2,60,60,1,,34,5,,Q148,countf,vB_mnfctr_liable_AV|vA_liable_AV,Q122|avoid_AV
2023-06-01 02:47:51,2023-06-01 02:58:38,0,104.53.104.152,100,646,1,2023-06-01 02:58:39,R_1QiqeZ0SvMe4Dq5,,,,,40.1412,-87.6264,anonymous,EN,1,2,2,0,0,36.061,0,0,0,26.25,0,"If the human occupant of Vehicle B had been driving a regular vehicle instead, then the occupant in B would not have run the stop sign.",10,90,75,1,2,1,75,2,,63,8,2 yrs college Associates,Q148,countf,vB_mnfctr_liable_AV|vA_liable_AV,Q122|avoid_AV
2023-06-01 03:02:55,2023-06-01 03:08:33,0,98.227.140.221,100,338,1,2023-06-01 03:08:34,R_QnqcL6hKMIJI3TP,,,,,41.4901,-87.4584,anonymous,EN,1,2,2,0,0,25.223,0,0,0,12.136,0,"If a human occupant of Vehicle B had been driving a regular vehicle instead, then they might have seen vehicle A traveling at a high rate of speed and not slowing down preparing to stop. A human may have also attempted to swerve out of the way if they saw A not slowing down to stop. ",100,0,0,1,1,30,82,2,,54,3,,Q148,countf,vA_liable_AV|vB_mnfctr_liable_AV,Q122|avoid_AV
2023-06-01 03:05:06,2023-06-01 03:10:41,0,104.35.169.194,100,335,1,2023-06-01 03:10:41,R_2eaNUYwm634joI0,,,,,34.1483,-118.0016,anonymous,EN,1,2,2,0,0,30.057,0,0,0,13.976,0,"If the human occupant of Vehicle B had been driving a regular vehicle instead, then they may have seen the other car coming and guessed that the driver wouldn't stop. They could have waited a bit longer than normal at the stop sign to potentially prevent the accident from occurring.",100,10,30,1,1,50,45,2,,42,4,,Q148,countf,vA_liable_AV|vB_mnfctr_liable_AV,Q122|avoid_AV
2023-06-01 03:09:56,2023-06-01 03:24:53,0,76.134.11.33,100,897,1,2023-06-01 03:24:53,R_2CkRgYqo0OrNjpi,,,,,34.919,-92.1419,anonymous,EN,1,2,2,32.259,117.33,382.45,2,28.772,28.772,29.997,1,"If the human occupant of Vehicle B had been driving a regular vehicle instead, then they would have been more aware of the road.",92,87,41,1,1,68,78,1,,49,3,,Q148,countf,vB_mnfctr_liable_AV|vA_liable_AV,Q122|avoid_AV
2023-06-01 03:37:05,2023-06-01 03:40:43,0,98.231.56.152,100,218,1,2023-06-01 03:40:43,R_OJYpo2zvwyKlpQd,,,,,30.6215,-81.5914,anonymous,EN,1,2,2,0,0,29.092,0,0,0,13.69,0,"If the human occupant of Vehicle B had been driving a regular vehicle instead, then there is a possibility they could have swerbed or manuevered their car to avoid being hit by vehicle A.",100,0,50,1,1,20,90,2,,43,4,,Q148,countf,vB_mnfctr_liable_AV|vA_liable_AV,Q122|avoid_AV
2023-06-01 03:49:15,2023-06-01 03:53:33,0,71.248.118.80,100,258,1,2023-06-01 03:53:33,R_1DSxOD5Qa0rHLNA,,,,,39.2962,-76.5741,anonymous,EN,1,2,2,0,0,23.627,0,0,0,11.511,0,"If the human occupant of Vehicle B had been driving a regular vehicle instead, then they could have avoided the colission by taking evasive action.",100,0,50,1,1,15,0,1,,40,3,,Q148,countf,vA_liable_AV|vB_mnfctr_liable_AV,Q122|avoid_AV
2023-06-01 04:26:46,2023-06-01 04:32:01,0,98.114.42.222,100,315,1,2023-06-01 04:32:02,R_3CZTgMxqgua3z88,,,,,39.9195,-75.1565,anonymous,EN,1,2,2,0,0,47.601,0,0,0,13.694,0,"If the human occupant of Vehicle B had been driving a regular vehicle instead, they might be able to use the breaks- avoiding a collision.",100,0,58,1,1,0,100,2,,56,5,,Q148,countf,vB_mnfctr_liable_AV|vA_liable_AV,Q122|avoid_AV
2023-06-01 04:28:04,2023-06-01 04:33:45,0,73.140.167.1,100,340,1,2023-06-01 04:33:45,R_VVTHr4nfPWTAHex,,,,,48.183,-122.1136,anonymous,EN,1,2,2,11.877,31.654,32.84,4,4.599,4.599,11.282,1,"If the human occupant of vehicle b had been driving a regular vehicle instead, then maybe they could've noticed that vehicle a wasnt slowing to a stop even though they were quickly approaching a stop sign, & couldve swerved out of the way or hit their brakes to miss vehicle a.",100,0,0,1,1,0,70,2,,32,2,,Q148,countf,vA_liable_AV|vB_mnfctr_liable_AV,Q122|avoid_AV
2023-06-01 04:44:37,2023-06-01 04:48:18,0,172.56.28.58,100,220,1,2023-06-01 04:48:18,R_2WMxfyuSAIT7gRQ,,,,,39.952,-75.1649,anonymous,EN,1,2,2,2.017,17.504,18.193,5,2.79,4.279,11.266,2,"If the human occupant of Vehicle B had been driving a regular vehicle instead, then they may have seen the car coming at them.",100,0,10,1,1,36,77,1,,40,4,,Q148,countf,vA_liable_AV|vB_mnfctr_liable_AV,Q122|avoid_AV
2023-06-01 04:45:07,2023-06-01 04:49:54,0,68.46.5.223,100,287,1,2023-06-01 04:49:55,R_3fxcWw5ZToD7fA9,,,,,44.9548,-93.1551,anonymous,EN,1,2,2,0,0,17.429,0,0,0,12.327,0,"If the human occupant of Vehicle B had been driving a regular vehicle instead, then they may have been able to speed up or swerve out of the way upon the approach of Vehicle A. They may have heard the other vehicle coming.",66,70,58,1,1,60,60,2,,36,4,,Q148,countf,vA_liable_AV|vB_mnfctr_liable_AV,Q122|avoid_AV
2023-06-01 05:03:51,2023-06-01 05:09:33,0,68.229.219.78,100,342,1,2023-06-01 05:09:34,R_2WMcMHJI93IZakV,,,,,35.4971,-97.733,anonymous,EN,1,2,2,8.792,29.89,31.209,5,0,0,23.11,0,The accident may could have been avoided,100,0,18,1,1,51,45,2,,38,3,,Q148,countf,vA_liable_AV|vB_mnfctr_liable_AV,Q122|avoid_AV
2023-06-01 05:10:24,2023-06-01 05:13:30,0,76.105.186.197,100,185,1,2023-06-01 05:13:30,R_2RQ6oFKKca4J7Nt,,,,,45.5173,-122.6398,anonymous,EN,1,2,2,5.532,23.432,24.564,3,0,0,12.987,0,"If the human occupant of Vehicle B had been driving a regular vehicle instead, then They may have seen the car coming",76,18,64,1,1,24,67,2,,42,4,,Q148,countf,vA_liable_AV|vB_mnfctr_liable_AV,Q122|avoid_AV
